479
1 1 1
2 1 3
4 1 4
5 25 13
6 3 1
7 27 17
8 21 20
9 29 11
10 1 2
14 1 5
17 1 8
20 28 10
22 23 14
24 24 16
25 1 6
27 3 3
30 1 11
32 3 4
33 29 15
35 32 4
36 19 24
39 32 5
40 1 10
41 27 21
42 3 2
43 1 7
44 5 3
47 1 9
48 3 5
49 5 1
50 35 5
51 5 5
52 31 8
53 3 6
54 56 14
55 30 17
56 31 6
57 33 9
58 34 2
59 27 20
60 3 8
61 29 24
63 5 11
64 1 12
65 1 15
67 1 17
68 49 23
70 5 4
71 31 10
72 3 10
73 38 1
74 31 7
75 34 6
76 1 13
77 29 9
79 35 4
81 3 7
82 3 9
83 1 14
84 3 11
87 5 8
88 3 12
90 35 7
92 30 12
94 27 27
95 33 11
96 34 8
97 19 19
99 3 13
100 21 21
101 5 10
103 7 1
104 53 22
106 30 13
107 5 2
108 36 11
109 53 23
112 33 15
113 38 4
115 24 20
116 1 20
119 7 3
120 3 15
122 7 2
123 3 14
126 9 3
128 39 3
131 54 24
132 42 3
133 3 17
134 3 16
136 41 5
137 32 14
138 30 19
139 7 4
140 57 19
141 1 16
143 22 24
144 37 2
145 35 10
146 9 4
147 7 5
148 45 1
150 7 6
151 41 1
152 1 18
153 5 6
154 9 5
155 9 1
157 5 12
158 34 17
159 5 9
163 25 18
164 27 29
166 7 8
167 11 3
168 38 5
169 5 13
170 32 16
171 27 28
172 9 6
175 44 4
176 5 14
178 13 3
183 5 15
185 37 15
189 11 1
192 5 17
193 52 25
194 7 10
197 3 18
198 44 5
199 33 12
200 47 3
201 15 3
202 37 6
203 5 19
204 7 11
205 7 12
206 47 4
211 36 9
213 7 9
215 37 8
216 11 4
217 41 4
218 44 6
221 9 2
222 1 21
223 36 20
224 3 19
226 5 7
227 40 2
228 7 7
229 7 13
230 43 2
231 13 1
232 57 16
233 7 15
234 7 17
235 50 1
236 40 11
237 7 27
238 38 7
239 48 5
240 53 1
241 33 13
242 3 20
244 9 8
245 47 11
246 41 6
247 43 8
251 9 10
252 39 17
253 11 5
256 30 18
257 5 16
258 9 7
261 11 2
262 33 21
263 22 27
265 40 8
268 9 11
270 7 29
271 44 7
273 39 9
275 5 18
278 39 10
279 13 2
280 11 11
281 36 12
282 13 4
283 42 9
284 7 14
286 46 8
287 43 10
289 26 14
291 15 5
292 51 2
293 13 5
294 9 9
295 46 2
296 9 12
297 15 1
298 28 34
299 11 15
300 40 12
301 49 6
302 39 21
303 42 13
304 9 15
305 5 20
306 42 15
307 46 9
308 29 35
309 13 6
310 36 21
311 11 6
312 36 27
313 45 12
314 56 21
315 15 4
316 45 13
317 49 8
318 43 11
319 52 3
321 11 8
322 39 13
327 30 20
328 25 24
329 15 6
331 13 7
332 48 7
333 9 17
334 13 8
335 51 4
336 48 10
338 56 3
339 11 17
342 17 1
343 11 21
344 39 20
345 46 15
347 45 17
348 9 13
349 42 17
351 15 11
352 11 20
353 7 20
355 51 5
358 17 3
359 54 4
360 13 9
363 11 24
364 49 12
365 13 10
366 19 3
367 19 4
368 9 14
369 11 27
371 54 2
372 17 4
375 13 11
376 15 8
377 13 12
378 28 22
379 11 7
381 15 9
383 47 14
385 15 10
387 45 16
390 17 5
391 48 13
393 54 5
394 17 11
395 33 18
396 51 7
397 15 15
398 36 24
399 17 8
400 55 11
401 42 20
403 54 8
404 49 9
405 50 11
406 9 16
407 31 27
410 48 16
411 15 17
412 11 10
414 39 24
415 31 29
416 53 6
419 32 22
420 13 13
421 50 14
425 7 21
426 57 1
432 52 9
433 52 10
434 13 14
438 52 12
439 15 12
440 35 14
441 21 1
446 55 15
447 9 20
451 57 2
453 17 2
454 38 14
456 42 21
457 17 6
458 17 15
464 11 28
465 34 19
468 9 18
470 58 4
473 57 5
475 13 15
476 55 7
479 9 19
484 19 5
486 41 27
488 11 9
489 17 10
491 45 18
496 11 29
498 19 8
499 50 15
501 17 9
507 11 12
508 13 17
509 21 3
510 19 1
512 15 2
513 45 20
514 21 4
515 55 17
517 19 6
519 48 17
520 48 27
522 21 5
523 13 16
524 13 18
526 44 14
527 19 9
528 35 16
529 21 2
532 15 7
534 23 3
535 21 8
536 58 11
537 17 17
538 19 2
539 53 13
540 19 10
541 51 17
544 34 29
545 21 6
546 19 11
547 25 3
548 23 1
549 15 21
550 15 13
551 42 29
553 17 7
555 57 6
557 51 18
558 53 14
560 21 7
561 23 2
562 17 12
563 37 29
565 17 13
566 23 4
568 13 20
569 51 16
573 13 19
574 54 16
575 58 7
578 38 34
584 45 19
585 15 14
586 41 7
587 54 18
588 47 21
592 23 5
594 25 1
595 40 16
596 19 15
598 25 4
599 15 20
600 27 1
602 23 11
603 19 17
605 19 20
609 44 22
612 56 10
613 56 9
614 23 8
615 15 24
617 47 22
619 21 9
620 58 8
622 21 10
628 25 2
630 23 10
631 25 5
636 17 14
637 25 6
639 19 27
642 23 15
643 57 27
646 25 8
648 21 11
649 23 17
651 25 7
652 57 12
656 21 12
663 27 2
664 27 3
665 23 6
666 29 1
668 54 19
673 21 13
674 25 9
675 23 7
676 19 21
678 48 18
680 21 14
684 56 13
689 50 19
691 57 20
693 37 19
694 43 23
695 40 28
696 31 1
697 51 20
700 17 16
702 23 12
704 33 1
705 50 21
709 19 7
711 21 15
712 21 17
713 17 20
715 23 13
716 25 11
718 19 12
719 29 3
725 25 15
730 27 4
731 46 23
733 27 5
735 15 27
746 49 24
749 17 18
752 25 17
753 29 2
754 17 19
761 27 6
765 25 10
767 35 1
768 27 11
773 43 34
774 31 2
775 29 4
776 31 3
777 46 29
784 27 7
785 33 3
786 29 5
787 19 13
788 29 8
790 37 3
793 27 8
794 27 15
797 53 21
798 23 9
799 25 12
