418
1 36 25
2 23 5
3 17 15
4 40 12
5 15 17
6 19 8
7 1 1
8 57 2
9 1 2
10 15 18
11 1 3
12 52 7
13 38 18
14 40 16
15 17 13
16 1 4
17 1 5
18 1 6
19 32 27
20 57 3
21 1 7
22 1 9
23 3 1
24 5 1
25 3 2
26 44 12
27 18 16
28 1 8
30 21 6
31 7 1
32 22 7
33 21 9
34 3 3
37 35 26
38 21 10
39 56 4
40 3 4
41 1 10
42 1 11
43 17 19
44 1 12
45 42 14
46 34 30
47 24 6
48 9 1
49 1 14
50 3 5
51 11 25
52 3 6
53 3 7
54 3 8
55 21 30
56 14 19
57 25 2
58 38 8
60 27 1
61 1 13
62 11 1
63 17 20
64 46 8
65 30 1
66 27 3
67 41 15
69 3 9
70 3 10
71 5 2
72 18 17
73 23 11
74 1 15
75 33 13
76 5 3
77 17 24
78 36 32
80 5 4
81 20 12
82 38 13
83 3 11
84 39 17
85 3 12
86 46 13
87 56 5
88 42 13
89 1 17
90 20 14
91 5 5
92 56 6
93 45 15
94 23 8
95 7 2
96 21 15
97 24 9
98 33 1
100 27 4
101 26 5
102 3 13
103 3 14
104 50 8
105 36 2
106 41 19
107 39 1
108 20 13
109 5 6
110 50 12
111 24 10
113 25 7
114 44 16
117 27 6
118 23 12
119 23 14
121 9 2
122 19 18
123 25 15
124 54 8
125 26 11
126 26 12
127 11 30
128 20 19
129 17 21
130 30 2
131 37 27
132 26 8
133 5 7
134 42 1
135 5 8
136 5 10
137 22 18
138 5 9
141 14 24
142 13 1
143 29 5
144 45 1
145 29 10
146 29 7
147 46 14
148 54 9
149 7 3
150 26 13
151 7 4
152 40 24
153 5 11
155 7 5
156 32 3
158 9 3
159 50 9
160 15 1
161 7 6
162 35 3
163 3 15
165 7 10
166 11 2
167 25 16
169 7 7
170 28 14
171 43 9
172 40 25
173 48 11
174 28 9
175 25 23
176 29 11
177 1 16
178 32 4
179 54 10
180 17 25
183 47 17
184 41 30
185 7 11
187 5 12
188 31 12
189 49 15
190 20 20
193 45 18
194 32 5
195 35 4
196 1 18
197 29 22
198 9 26
199 30 6
200 7 9
201 9 4
202 50 13
203 11 3
204 23 13
205 9 5
206 11 4
208 3 16
209 24 17
210 13 2
211 13 3
213 30 15
214 38 3
215 15 2
216 44 24
217 54 12
218 17 2
219 15 3
220 20 21
222 19 1
223 3 17
224 3 18
226 21 1
227 23 1
228 9 6
229 33 2
230 53 14
231 45 19
232 38 4
233 51 16
234 5 14
235 28 16
236 33 21
237 5 15
238 7 12
239 5 18
240 20 24
241 17 1
242 17 3
243 1 19
244 28 17
245 13 4
246 19 2
247 27 18
250 34 10
251 32 7
253 7 8
254 7 14
255 41 2
256 36 1
257 23 19
258 44 25
259 3 19
261 23 24
262 31 9
263 7 15
264 9 9
265 39 5
266 49 18
267 55 13
268 11 5
269 5 17
270 23 25
272 9 7
273 34 6
274 42 3
275 9 10
277 49 19
278 11 6
279 48 24
282 5 13
283 48 7
286 52 17
288 9 8
289 42 20
291 35 11
292 25 20
294 48 1
295 9 11
296 33 14
297 11 11
298 5 16
299 11 7
300 11 9
301 9 12
302 9 13
304 45 2
306 19 3
307 38 6
308 26 19
309 7 13
310 13 5
311 15 4
312 1 24
313 3 24
314 41 4
315 36 5
317 52 24
318 11 10
320 11 12
323 15 5
324 5 24
325 48 2
326 7 17
327 9 14
329 26 24
330 5 19
332 7 18
333 21 2
334 13 6
336 29 8
337 37 31
338 53 15
339 32 11
340 57 11
342 13 9
343 9 15
344 51 1
345 37 9
346 9 16
347 48 20
348 11 14
349 39 10
350 9 17
351 51 2
352 11 15
353 12 27
354 13 7
355 44 4
356 47 3
357 57 14
358 15 16
359 54 1
360 7 16
361 28 25
362 9 18
363 15 10
365 52 20
367 17 4
369 13 8
370 19 4
371 40 9
372 37 12
373 21 3
374 53 18
375 41 6
376 56 7
377 13 10
379 13 11
380 13 12
381 57 15
382 15 6
383 11 17
384 17 10
386 11 18
387 30 13
388 29 24
389 35 15
390 32 17
391 31 16
392 7 24
393 11 24
394 43 10
395 15 9
396 15 7
397 56 16
400 44 11
404 15 8
405 13 13
406 31 18
407 13 14
408 42 5
409 15 11
410 15 12
411 18 26
413 45 5
414 29 19
415 11 8
417 31 20
418 26 21
420 35 17
421 19 5
422 46 6
423 17 5
424 47 4
425 56 17
426 54 2
427 48 5
428 15 13
429 17 11
430 21 4
431 57 1
433 21 5
434 33 24
435 19 6
438 26 22
440 41 32
442 23 2
443 50 3
444 46 21
445 29 30
446 50 21
448 29 21
449 44 7
450 7 25
453 23 3
454 47 9
455 17 6
456 40 11
457 54 19
458 9 19
459 34 12
460 52 22
464 13 15
465 38 14
466 32 25
467 19 7
468 51 4
469 17 12
470 32 19
471 15 14
472 13 16
473 19 9
476 15 15
479 25 1
480 17 14
482 35 18
483 37 7
485 54 3
486 23 4
487 35 19
489 34 8
490 13 17
491 50 6
492 43 8
493 49 10
495 37 24
497 38 15
498 21 11
499 53 5
500 53 11
