495
3 45 1
4 35 6
5 1 1
9 33 8
10 1 2
11 37 7
12 41 3
13 1 3
14 45 2
15 48 2
18 1 4
20 27 12
21 36 8
26 29 15
28 1 5
29 30 13
30 13 23
31 1 6
32 48 3
33 29 11
34 1 7
35 29 16
37 16 20
38 1 8
39 3 1
40 1 9
42 3 2
43 31 9
45 1 10
47 3 3
49 21 17
50 51 3
51 29 19
55 32 15
56 40 5
57 3 4
59 19 20
60 29 21
61 39 6
63 5 2
64 56 22
65 3 5
66 35 9
67 27 18
68 30 12
70 5 1
71 3 7
75 1 13
77 44 3
82 32 11
83 3 9
85 41 4
86 1 11
88 3 6
89 5 3
90 3 8
91 22 20
92 51 1
94 32 16
96 29 14
97 32 17
98 5 5
99 44 4
100 1 15
101 39 8
102 1 12
103 1 14
104 35 10
105 3 10
107 35 11
109 47 4
114 33 12
116 34 13
121 5 7
122 32 19
123 42 7
124 7 2
125 42 6
126 7 1
127 38 10
128 3 15
130 45 5
131 48 1
132 5 4
134 38 9
135 1 16
136 41 10
137 7 3
139 1 17
140 5 6
141 3 13
142 5 8
143 7 4
145 5 10
146 1 18
147 35 14
148 50 4
149 44 9
150 7 5
151 32 14
152 7 6
154 33 18
156 1 19
157 37 13
158 5 9
159 36 12
161 9 1
162 9 2
163 11 1
164 7 7
167 38 11
168 36 15
169 54 1
170 7 8
173 31 20
174 41 9
175 9 3
176 1 20
177 9 4
179 41 11
181 3 11
183 34 20
185 3 12
187 44 8
188 35 16
189 11 2
190 9 5
191 38 14
193 11 3
194 7 9
195 43 13
196 9 7
198 41 15
199 9 10
201 39 16
203 11 4
204 3 14
205 44 10
208 13 2
209 3 16
210 11 5
211 11 6
212 47 6
213 50 5
214 39 12
216 5 11
217 54 2
218 42 14
219 3 17
220 47 7
223 45 15
224 35 17
225 47 8
226 37 19
227 5 13
228 42 16
229 3 18
230 45 16
233 5 14
234 11 7
235 7 10
236 57 1
239 5 15
240 50 7
243 15 3
247 48 10
248 3 19
249 53 4
250 40 17
251 13 3
252 44 17
253 7 13
254 5 16
255 40 13
256 51 10
257 5 17
258 43 12
259 9 8
260 9 6
261 3 20
262 9 9
263 48 15
264 43 19
266 7 11
267 7 15
268 25 19
269 24 22
270 15 1
271 17 1
272 7 16
274 53 5
275 51 16
276 5 12
277 27 20
279 9 11
280 57 2
281 11 8
283 13 5
284 38 18
285 41 18
287 13 1
288 46 19
289 45 14
290 53 7
291 5 18
292 5 19
293 50 9
297 9 13
299 47 17
300 9 15
301 11 9
304 51 2
305 30 18
306 19 1
307 54 3
309 7 17
313 13 4
315 15 2
316 17 3
318 13 6
319 38 20
320 11 10
321 5 21
322 44 11
323 11 13
324 11 11
326 13 7
327 57 3
328 46 13
329 54 6
331 56 4
332 13 8
334 9 12
335 15 4
336 33 21
341 47 9
342 7 12
344 41 21
345 9 16
347 36 21
349 38 22
350 39 23
353 44 18
354 15 5
356 7 19
357 46 12
358 7 20
359 50 19
360 56 5
361 48 16
362 57 7
363 9 17
365 9 19
366 54 8
368 13 9
370 47 18
374 11 12
376 15 7
377 7 14
378 17 2
379 13 10
380 41 20
381 19 2
384 17 4
385 11 14
386 17 5
389 21 1
390 19 3
398 21 2
399 56 10
400 49 20
406 53 15
407 19 4
408 15 10
409 49 11
410 15 8
411 15 6
412 13 13
416 51 13
417 13 15
418 17 7
419 21 3
420 19 5
421 15 15
422 52 21
423 55 16
424 21 4
428 52 17
429 23 2
431 13 16
432 50 22
434 44 20
435 17 8
441 57 19
444 56 9
450 49 14
453 17 6
454 15 9
457 17 9
458 42 22
460 23 1
461 25 2
466 17 10
468 15 13
469 52 20
473 17 15
474 11 15
476 19 7
477 13 17
479 45 21
480 50 23
481 15 11
484 11 16
485 9 14
486 27 1
487 19 6
489 9 18
491 17 13
492 47 22
493 53 19
494 15 14
498 53 22
502 19 10
503 13 11
506 56 15
507 19 15
511 50 6
512 58 8
514 15 16
519 21 5
520 11 17
521 23 3
526 54 23
528 23 4
530 13 19
532 25 1
533 17 11
535 11 18
537 57 6
539 28 22
542 21 7
543 19 8
544 56 17
546 31 22
547 11 19
548 7 21
549 13 20
550 23 5
551 19 16
552 23 7
553 13 21
554 15 12
562 53 9
564 27 2
566 34 22
570 15 17
571 19 9
575 21 6
577 29 1
579 17 12
581 25 3
582 25 4
586 19 11
587 25 5
589 17 16
591 21 10
592 23 9
595 21 8
597 29 2
601 17 17
602 27 3
607 31 3
609 21 9
610 31 2
613 21 13
614 17 14
616 29 3
617 33 1
618 37 24
619 35 1
625 23 10
626 55 13
629 25 6
631 56 11
632 27 4
633 48 21
639 27 5
640 31 5
642 29 4
644 21 14
645 27 7
647 40 19
651 15 19
652 19 13
654 58 13
659 51 8
661 47 23
666 19 17
667 23 15
671 17 18
672 55 20
675 58 12
687 53 18
691 21 11
693 19 14
695 54 25
697 23 13
699 25 7
701 23 16
704 43 23
705 33 2
706 25 10
710 27 6
712 13 22
713 21 15
716 50 18
717 46 25
718 9 20
721 29 5
723 33 3
728 27 8
730 35 2
736 37 2
741 19 12
745 21 16
746 25 8
747 37 1
748 19 18
751 11 20
753 31 4
757 29 7
759 39 2
760 33 4
761 23 19
763 49 25
764 56 21
765 25 9
767 15 18
770 31 1
772 52 26
775 33 5
776 35 3
778 35 4
783 31 7
786 37 3
787 23 6
788 27 9
789 39 3
790 35 5
792 33 6
794 23 8
797 55 14
800 35 7
801 21 19
804 58 16
807 17 19
808 23 11
810 25 13
814 25 15
817 29 6
819 25 14
820 31 10
821 25 11
824 23 21
825 21 21
827 27 10
829 21 12
830 23 12
831 41 2
832 27 13
835 43 1
836 23 26
838 25 16
845 25 12
846 37 4
848 27 14
850 39 1
851 41 1
859 29 9
861 43 2
863 27 15
868 27 11
870 25 17
873 33 7
876 29 8
877 39 4
878 31 6
879 37 5
880 25 18
882 53 11
887 27 16
888 57 25
889 27 17
893 29 10
898 19 19
