185
1 35 8
2 32 3
3 35 9
4 35 10
5 39 5
6 1 1
7 37 6
8 32 4
9 13 6
10 11 10
11 41 1
12 35 5
13 1 2
14 39 8
15 1 6
16 1 3
17 1 5
18 1 7
19 11 7
20 14 2
21 43 2
22 11 9
23 35 7
24 3 1
25 13 5
26 1 4
27 3 2
28 1 8
29 1 9
30 1 10
31 36 3
32 39 10
33 5 1
34 41 6
35 3 3
36 47 1
37 13 8
38 51 1
39 39 9
40 3 6
41 55 1
42 43 8
43 14 9
44 43 9
45 14 10
46 43 10
47 17 1
48 16 6
49 3 8
50 5 2
51 39 4
52 16 8
53 3 5
54 17 2
55 19 6
56 3 10
57 45 6
58 3 4
59 3 9
60 17 9
61 5 6
62 47 8
63 47 2
64 17 10
65 39 7
66 19 8
67 20 1
68 20 2
69 20 9
70 20 10
71 14 3
72 3 7
73 23 1
74 47 10
75 49 6
77 7 1
78 43 3
79 5 8
80 5 3
81 5 10
82 22 6
83 11 4
84 23 2
85 47 9
86 17 3
87 43 5
88 43 4
89 43 7
90 47 5
91 47 3
92 20 5
93 9 1
94 22 8
95 23 10
96 51 2
97 23 9
98 23 5
99 26 1
100 5 4
101 49 4
102 26 2
103 7 2
104 51 8
105 9 2
106 7 5
107 25 6
108 47 7
109 16 4
110 51 10
111 7 6
112 5 9
113 5 5
114 5 7
115 29 1
116 53 3
117 26 8
118 14 7
119 7 3
120 51 9
121 11 1
122 55 2
123 17 5
124 7 4
125 29 2
126 26 9
127 26 5
128 17 7
129 53 6
130 55 8
131 55 4
132 26 10
133 7 8
134 7 7
135 55 9
136 20 3
137 28 6
138 9 3
141 7 9
142 29 5
143 19 4
144 57 5
145 11 2
146 26 3
147 26 4
148 29 8
149 22 4
150 32 1
151 7 10
152 55 10
153 20 7
154 31 6
155 51 5
156 9 5
157 29 9
158 9 6
159 23 3
160 35 1
162 57 6
163 29 10
164 55 7
165 29 3
166 9 8
167 11 5
168 32 8
169 25 7
170 38 1
171 51 7
173 9 4
174 29 7
178 34 2
179 13 1
180 9 7
182 15 1
183 32 5
185 32 9
187 34 6
189 32 7
190 11 6
191 9 9
192 32 10
193 37 2
194 11 8
195 29 4
196 9 10
197 11 3
