404
1 1 3
2 1 5
3 1 6
4 1 1
5 1 2
6 1 4
7 1 7
8 1 8
9 1 12
10 1 9
11 5 3
12 1 11
13 1 15
14 7 3
15 1 16
16 1 22
17 3 1
18 5 5
19 1 18
20 1 10
21 1 19
22 5 4
23 5 6
24 3 2
25 7 4
26 1 24
27 1 26
28 4 9
29 7 1
30 7 2
31 4 11
32 7 5
33 3 22
34 3 23
35 5 7
36 13 3
37 4 13
38 5 2
39 3 14
40 7 6
41 7 7
42 11 1
43 7 8
44 13 5
45 7 9
46 1 13
47 10 3
48 19 1
49 7 11
50 13 1
51 7 10
52 4 15
53 16 6
54 5 8
55 3 27
56 13 6
57 19 3
58 10 5
59 4 24
60 7 12
61 13 4
62 25 1
63 10 6
64 13 7
65 13 8
66 7 15
67 16 7
68 13 12
69 13 2
70 15 2
71 3 19
72 9 16
73 19 4
74 7 16
75 5 12
76 7 18
77 11 2
78 13 15
79 19 5
80 7 13
81 7 14
82 10 7
83 7 26
84 25 2
85 13 9
86 10 8
87 7 17
88 16 1
89 19 6
90 13 10
91 19 7
92 19 8
93 25 3
94 31 3
95 22 2
96 10 10
97 7 24
98 9 19
99 13 11
100 11 4
101 19 9
102 13 16
103 9 20
104 25 4
105 16 8
106 15 11
107 13 18
108 11 9
109 13 19
110 11 11
111 13 22
112 23 1
113 15 13
114 11 12
115 37 3
116 31 5
117 19 10
118 10 13
119 19 11
120 13 13
121 13 23
122 16 14
123 19 12
124 17 3
125 17 4
126 19 13
127 25 5
128 25 6
129 19 15
130 37 8
131 25 7
132 11 14
133 25 8
134 19 2
135 17 5
136 19 14
137 10 17
138 23 3
139 28 8
140 43 1
141 22 7
142 17 9
143 19 16
144 25 9
145 25 11
146 19 18
147 49 3
148 31 4
149 10 22
150 31 6
151 31 7
152 5 16
153 15 16
154 29 1
155 25 10
156 11 15
157 31 8
158 37 1
159 22 4
160 43 3
161 17 11
162 19 22
163 16 15
164 55 1
165 25 12
166 29 3
167 23 5
168 25 13
169 25 15
170 23 6
171 28 10
172 25 14
173 22 8
174 31 9
175 31 12
176 17 12
177 34 3
178 37 5
179 23 11
180 13 24
181 31 11
182 29 2
183 25 16
184 31 1
185 34 5
186 34 4
187 37 6
188 34 1
189 37 7
190 43 2
191 31 2
192 25 24
194 17 18
195 29 4
196 40 1
197 19 19
198 34 6
199 29 5
200 31 15
201 31 10
202 34 11
203 31 16
204 43 5
205 31 18
206 46 5
207 37 4
208 49 1
209 37 2
210 31 13
211 31 14
212 35 7
213 16 26
214 37 11
215 49 5
216 37 9
217 43 4
218 23 12
219 46 6
220 55 2
221 40 12
222 49 2
223 37 10
224 37 12
225 41 2
226 21 19
227 41 3
228 43 7
229 55 3
230 55 4
231 37 15
232 22 16
233 25 17
234 25 18
235 23 9
236 41 5
237 47 3
238 40 4
239 43 8
240 49 4
241 43 12
242 58 3
243 40 15
244 43 11
245 34 15
246 55 5
247 17 22
248 37 16
250 43 9
251 37 13
252 49 8
253 34 16
256 37 18
257 22 24
258 43 15
260 29 6
261 37 22
262 47 4
263 11 18
264 28 12
265 49 6
266 19 23
267 39 18
268 55 6
269 49 7
270 43 6
271 49 9
272 31 19
273 55 7
274 23 10
275 49 10
276 17 24
278 29 7
279 52 4
280 25 19
281 23 15
282 43 16
283 49 11
284 23 13
285 52 5
286 55 8
287 35 2
288 31 24
290 29 9
293 55 9
294 47 1
295 51 12
296 29 11
297 34 19
298 53 1
300 43 10
301 37 14
302 35 8
304 53 2
306 28 26
309 43 26
310 49 15
314 43 22
315 46 12
316 41 6
318 31 20
319 46 16
320 17 23
321 55 11
322 58 2
323 43 18
324 29 15
327 37 24
328 55 10
330 46 22
331 22 17
332 23 18
333 34 24
334 39 17
336 49 13
337 41 7
338 49 12
339 51 10
340 43 24
341 40 24
342 29 16
343 35 9
344 49 16
345 58 7
348 55 12
350 29 18
352 55 15
354 41 8
355 49 26
360 58 10
361 55 16
363 57 13
366 41 11
367 35 12
370 37 19
371 43 27
372 11 19
374 41 9
377 49 18
380 55 14
383 55 18
385 43 19
389 58 14
390 29 13
391 23 14
394 47 2
395 58 15
400 53 3
401 35 18
402 41 16
404 34 17
406 47 7
407 49 14
409 29 14
412 46 19
414 35 10
416 41 10
420 59 1
421 58 16
422 41 26
426 49 22
427 49 24
434 55 17
437 47 8
439 55 19
443 53 6
445 47 11
448 55 22
450 46 13
451 17 10
457 29 19
461 47 9
462 53 7
464 51 22
466 47 15
469 55 13
474 59 4
476 59 5
477 53 8
491 53 9
495 35 22
498 58 24
513 53 11
515 57 20
516 41 27
517 23 22
521 59 6
522 53 13
524 35 26
535 41 13
538 47 18
548 59 8
551 47 20
555 53 15
558 59 9
561 53 16
591 29 22
606 47 23
621 59 11
622 53 26
635 59 12
647 41 22
651 53 17
661 47 10
678 53 14
