79
1 38 4
2 1 1
3 42 4
4 49 2
5 51 1
6 9 4
7 12 3
8 3 1
9 33 5
10 25 1
11 1 2
12 15 2
13 1 3
14 46 3
15 15 3
16 1 4
17 50 3
18 18 2
19 18 3
20 53 2
21 21 2
22 11 5
23 3 2
24 5 1
25 7 1
26 57 1
27 55 3
28 3 3
29 24 2
30 9 1
31 54 4
33 3 4
36 11 1
37 13 1
40 15 1
41 21 4
43 14 4
44 5 2
45 7 2
47 17 1
48 27 2
50 30 1
51 33 1
54 28 4
55 31 2
56 34 2
59 37 1
60 9 2
61 17 4
62 19 1
63 40 1
65 5 4
66 11 2
67 13 2
69 43 1
70 21 1
71 36 3
73 20 5
75 39 2
76 23 3
77 37 5
78 23 1
79 7 3
81 24 4
82 26 3
83 41 3
84 29 3
85 27 5
86 42 2
87 32 4
88 45 5
89 45 2
92 5 3
93 30 5
94 48 1
95 7 4
96 46 4
97 35 4
98 9 3
