508
1 35 7
2 1 1
3 1 2
5 1 3
6 38 14
7 29 15
8 29 17
9 1 5
10 1 4
12 32 12
15 25 18
16 3 1
17 1 6
18 41 5
19 45 2
22 43 4
23 41 6
24 37 13
25 32 18
28 45 3
31 37 10
32 23 19
33 41 7
34 1 9
35 26 19
36 44 5
37 3 2
38 1 7
39 1 14
40 1 11
41 1 8
42 3 5
43 3 3
44 47 5
45 3 4
47 27 21
48 1 10
49 3 6
52 5 1
53 3 9
60 35 8
61 3 7
63 29 18
65 5 2
69 38 12
71 1 16
73 3 11
75 44 9
76 19 20
78 1 12
79 48 2
80 5 5
81 7 1
82 40 16
83 1 13
84 40 11
87 7 2
88 3 8
89 1 15
93 43 8
94 29 22
95 1 17
96 39 23
97 9 1
99 3 10
100 39 15
101 3 12
102 22 18
103 25 20
106 32 15
108 11 1
110 42 10
111 9 2
113 11 2
115 28 23
116 28 25
117 46 11
119 30 21
120 31 23
121 5 9
122 49 9
123 48 3
124 31 19
125 46 4
128 7 3
129 7 5
130 3 13
131 51 2
132 9 3
133 33 20
135 35 12
137 54 2
139 5 3
140 34 17
141 50 4
142 52 3
143 3 14
144 36 15
147 42 12
148 5 4
150 53 4
152 32 22
153 5 6
154 13 1
155 44 13
156 57 1
158 9 4
160 5 10
161 7 9
163 41 9
164 1 22
166 5 14
167 3 15
174 56 5
175 7 4
179 44 14
180 45 6
181 37 16
182 39 8
183 7 6
186 11 3
187 51 5
188 9 5
189 43 11
191 47 13
192 50 10
193 37 18
194 1 18
195 5 11
196 40 13
197 35 19
199 3 16
200 38 22
201 13 2
202 5 13
207 3 17
208 5 16
209 55 9
211 7 7
212 7 10
214 48 14
215 35 21
216 9 9
217 11 4
218 58 2
219 38 7
222 49 16
223 55 3
224 3 18
225 13 3
226 7 11
227 58 9
228 41 14
229 42 22
230 41 17
231 15 1
232 53 10
234 15 2
236 5 7
237 5 22
239 7 8
241 17 1
242 19 1
244 45 16
248 7 12
249 1 19
250 3 22
251 52 7
252 13 5
257 15 3
258 9 14
260 56 4
261 15 5
262 38 19
263 9 10
268 7 13
270 48 6
273 7 14
276 40 18
277 5 12
278 47 7
279 44 15
280 5 18
281 11 5
282 11 9
283 7 15
286 9 6
287 17 2
289 17 4
290 13 9
294 34 23
295 17 3
296 11 6
297 37 17
298 43 18
299 41 19
302 9 11
305 19 2
306 19 3
307 3 21
309 45 22
310 51 6
312 11 7
313 9 7
315 33 24
316 44 23
317 15 4
322 5 8
323 51 11
324 5 15
327 44 21
330 55 14
331 13 4
333 54 11
336 47 10
337 21 1
338 9 12
339 9 8
340 54 13
341 7 16
343 21 2
344 13 6
346 7 17
347 19 5
348 5 23
350 54 6
354 21 5
355 9 13
356 15 9
358 15 10
360 46 12
361 9 15
364 23 1
366 7 18
369 11 14
370 11 10
373 23 2
374 17 5
375 11 8
376 19 4
379 49 22
380 11 11
384 57 6
386 11 13
388 13 10
389 48 18
390 40 20
391 21 3
392 5 21
394 17 6
396 13 11
397 11 12
398 23 3
399 50 23
400 13 12
401 13 7
402 57 16
403 25 1
406 13 14
407 7 19
408 50 8
409 53 8
410 11 16
412 15 11
413 15 12
414 13 13
417 36 20
418 9 16
420 47 23
423 50 12
426 15 14
430 25 2
432 15 13
436 13 15
437 9 18
439 15 16
442 53 12
446 39 21
447 17 9
451 56 7
455 19 6
456 15 6
458 17 7
459 27 1
460 17 11
461 17 13
462 17 8
463 17 14
464 21 4
465 9 17
469 52 9
471 15 7
472 43 20
473 23 5
475 46 19
476 55 15
478 19 9
479 17 10
480 9 19
481 19 11
487 53 16
490 57 8
491 47 8
493 51 13
495 25 4
496 27 2
497 43 24
498 21 9
500 7 20
501 21 14
506 58 3
507 11 22
508 11 15
510 13 8
511 13 16
512 15 8
515 19 7
516 21 6
517 23 9
519 23 4
521 54 17
523 49 15
524 50 25
527 15 22
528 47 17
529 25 5
530 17 12
531 19 13
533 19 14
534 58 10
535 11 17
536 29 1
539 23 6
541 42 25
542 17 15
545 21 7
546 53 18
547 11 18
548 57 11
549 19 8
550 23 7
551 56 12
553 31 1
556 52 14
562 13 17
564 56 18
568 25 3
571 25 6
578 17 16
579 45 25
581 13 18
583 46 20
585 27 3
586 29 2
589 23 11
591 25 7
596 29 3
597 21 16
601 50 17
603 25 8
607 19 15
609 56 22
610 15 23
611 21 11
613 27 4
621 17 18
623 31 2
625 21 22
626 19 10
628 33 1
629 23 10
631 19 12
634 21 8
635 21 10
636 19 16
644 23 13
652 19 22
653 21 12
654 27 5
656 55 19
659 9 20
660 58 14
661 29 4
662 27 9
664 53 20
667 23 8
674 31 3
676 15 25
679 25 9
681 27 6
682 33 2
684 29 5
693 23 14
695 21 13
700 25 10
701 29 9
707 23 12
709 48 29
710 49 19
714 52 15
717 11 19
720 27 14
722 35 1
726 25 11
730 37 1
732 13 19
738 21 23
745 23 16
746 31 4
748 27 16
750 33 3
752 27 22
753 25 13
758 25 14
759 33 4
762 31 5
764 27 7
766 35 2
769 27 10
770 29 10
772 17 17
774 29 6
782 31 9
787 15 18
788 29 7
791 23 15
792 51 21
799 33 5
803 37 2
810 25 12
815 29 8
821 29 11
827 31 14
831 25 15
832 19 18
834 39 1
836 54 21
837 31 11
838 13 20
841 46 24
847 35 3
849 31 6
853 17 19
856 27 8
857 39 2
858 35 5
859 31 13
862 33 7
865 29 14
870 19 17
873 33 6
874 29 12
879 33 9
881 49 20
882 41 1
884 37 3
885 21 15
886 35 4
888 35 9
891 41 2
892 35 11
894 37 4
895 55 23
897 31 16
898 21 17
901 31 10
902 27 11
904 37 5
906 43 1
907 33 14
908 39 5
910 23 17
913 37 6
914 33 11
916 33 10
918 41 3
922 35 13
923 35 14
925 31 7
927 39 3
928 43 2
932 45 1
934 37 9
936 15 15
939 25 16
940 52 22
943 47 1
944 55 25
945 27 12
946 23 22
955 25 17
959 58 13
960 49 1
962 35 16
964 58 15
969 56 20
974 51 1
975 57 29
978 17 23
983 39 4
984 33 8
986 27 13
990 41 4
992 35 10
996 43 3
998 39 9
999 37 11
1000 53 1
